const int pawnTable[64] = {
        0		,		0		,		0		,		0		,		0		,		0		,		0		,		0		,		
        10		,		10		,		0		,		-10		,		-10		,		0		,		10		,		10		,		
        5		,		0		,		0		,		5		,		5		,		0		,		0		,		5		,		
        0		,		0		,		10		,		20		,		20		,		10		,		0		,		0		,		
        5		,		5		,		5		,		10		,		10		,		5		,		5		,		5		,		
        10		,		10		,		10		,		20		,		20		,		10		,		10		,		10		,		
        20		,		20		,		20		,		30		,		30		,		20		,		20		,		20		,		
        0		,		0		,		0		,		0		,		0		,		0		,		0		,		0		,		
};

const int knightTable[64] = {
        0		,		-10		,		0		,		0		,		0		,		0		,		-10		,		0		,		
        0		,		0		,		0		,		5		,		5		,		0		,		0		,		0		,		
        0		,		0		,		10		,		10		,		10		,		10		,		0		,		0		,		
        0		,		0		,		10		,		20		,		20		,		10		,		5		,		0		,		
        5		,		10		,		15		,		20		,		20		,		15		,		10		,		5		,		
        5		,		10		,		10		,		20		,		20		,		10		,		10		,		5		,		
        0		,		0		,		5		,		10		,		10		,		5		,		0		,		0		,		
        0		,		0		,		0		,		0		,		0		,		0		,		0		,		0		,		
};

const int bishopTable[64] = {
        0		,		0		,		-10		,		0		,		0		,		-10		,		0		,		0		,		
        0		,		0		,		0		,		10		,		10		,		0		,		0		,		0		,		
        0		,		0		,		10		,		15		,		15		,		10		,		0		,		0		,		
        0		,		10		,		15		,		20		,		20		,		15		,		10		,		0		,		
        0		,		10		,		15		,		20		,		20		,		15		,		10		,		0		,		
        0		,		0		,		10		,		15		,		15		,		10		,		0		,		0		,		
        0		,		0		,		0		,		10		,		10		,		0		,		0		,		0		,		
        0		,		0		,		0		,		0		,		0		,		0		,		0		,		0		,		
};

const int rookTable[64] = {
        0		,		0		,		5		,		10		,		10		,		5		,		0		,		0		,		
        0		,		0		,		5		,		10		,		10		,		5		,		0		,		0		,		
        0		,		0		,		5		,		10		,		10		,		5		,		0		,		0		,		
        0		,		0		,		5		,		10		,		10		,		5		,		0		,		0		,		
        0		,		0		,		5		,		10		,		10		,		5		,		0		,		0		,		
        0		,		0		,		5		,		10		,		10		,		5		,		0		,		0		,		
        25		,		25		,		25		,		25		,		25		,		25		,		25		,		25		,		
        0		,		0		,		5		,		10		,		10		,		5		,		0		,		0		,		
};

const int queenTable[64] = {
        -20		,		-10		,		-10		,		-5		,		-5		,		-10		,		-10		,		-20		,		
        -10		,		0		,		0		,		0		,		0		,		0		,		0		,		-10		,		
        -10		,		0		,		5		,		5		,		5		,		5		,		0		,		-10		,		
        -5		,		0		,		5		,		5		,		5		,		5		,		0		,		-5		,		
        0		,		0		,		5		,		5		,		5		,		5		,		0		,		-5		,		
        -10		,		5		,		5		,		5		,		5		,		5		,		0		,		-10		,		
        -10		,		0		,		5		,		0		,		0		,		0		,		0		,		-10		,		
        -20		,		-10		,		-10		,		-5		,		-5		,		-10		,		-10		,		-20		,		
};

const int kingTable[64] = {
        20		,		30		,		10		,		0		,		0		,		10		,		30		,		20		,		
        20		,		20		,		0		,		0		,		0		,		0		,		20		,		20		,		
        -10		,		-20		,		-20		,		-20		,		-20		,		-20		,		-20		,		-10		,		
        -20		,		-30		,		-30		,		-40		,		-40		,		-30		,		-30		,		-20		,		
        -30		,		-40		,		-40		,		-50		,		-50		,		-40		,		-40		,		-30		,		
        -30		,		-40		,		-40		,		-50		,		-50		,		-40		,		-40		,		-30		,		
        -30		,		-40		,		-40		,		-50		,		-50		,		-40		,		-40		,		-30		,		
        -30		,		-40		,		-40		,		-50		,		-50		,		-40		,		-40		,		-30		,		
};
